Runntime for each method and numerical example

                                       TOCM-
   No      Name      VAM       JHM                BCE      SSM     CSM      RBSM
                                         MT
    1       N01     137.558   0.530    0.500     0.170    0.520    0.390    0.400
    2       N02     141.597   0.400    0.650     0.140    0.420    0.248    0.240
    3       N03     136.392   1.178    1.470     1.079    1.290    1.585    1.650
    4       N04     135.636   0.644    0.870     0.364    0.550    0.650    0.480
    5       N05     135.398   0.825    0.830     0.516    0.820    0.890    0.950
    6       N06     138.282   0.911    0.990     0.606    1.010    1.100    1.150
    7       N07     149.539   0.620    0.740     0.310    0.640    0.640    0.694
    8       N09     144.347   0.670    0.884     0.380    0.670    0.630    0.490
    9       N10     139.668   0.490    0.713     0.230    0.490    0.440    0.430
   10       N11     137.636   0.490    0.633     0.230    0.500    0.410    0.430
   11       N12     135.242   0.480    0.541     0.190    0.450    0.400    0.400
   12       N13     135.677   0.470    0.530     0.210    0.480    0.380    0.390
   13       N14     135.692   0.550    0.620     0.240    0.500    0.433    0.450
   14       N15     135.350   0.490    0.750     0.220    0.480    0.500    0.430
   15       N16     134.927   0.540    0.620     0.300    0.510    0.436    0.470
   16       N17     135.485   0.500    0.740     0.230    0.480    0.441    0.480
   17       N18     135.102   0.730    0.700     0.370    0.620    0.611    0.484
   18       N21     133.089   0.480    0.532     0.190    0.460    0.426    0.397
   19       N22     134.306   0.520    0.750     0.230    0.480    0.440    0.447
   20       N23     134.115   0.490    0.630     0.280    0.470    0.240    0.250
   21       N24     134.132   0.530    0.680     0.240    0.530    0.430    0.457
   22       N25     134.771   0.480    0.690     0.240    0.490    0.420    0.442
   23       N26     140.526   0.850    1.210     0.560    0.860    0.960    0.990
   24       N27     140.058   0.890    1.400     0.730    0.894    1.050    1.070
   25       N28     136.859   0.880    0.942     0.550    0.857    0.960    1.000
   26       N29     134.688   0.590    0.610     0.290    0.580    0.610    0.730
   27       N30     133.551   0.470    0.540     0.200    0.460    0.390    0.530
   28       N31     134.244   0.410    0.650     0.150    0.400    0.245    0.320
   29       N32     134.799   0.570    0.970     0.270    0.570    0.520    0.580
   30       N33     134.098   0.450    0.520     0.240    0.440    0.360    0.380
   31       N34     135.586   0.540    1.190     0.300    0.560    0.500    0.520
   32       N35     134.351   0.470    0.730     0.250    0.480    0.560    0.450
   33       S1      134.436   1.300    1.660     0.780    1.120    1.296    1.350
   34       S2      136.958   1.250    1.750     0.770    1.110    1.290    1.360
   35       S3      140.626   4.501    8.295     10.944   4.210    5.750    5.910
   36       S4      146.090   10.166   12.750    11.004   10.532   12.155   12.300
   37       S5      140.876   5.136    7.985     10.905   4.210    5.740    5.916
   38      Real 1   255.119   27.222   97.319    17.926   25.499   42.988   42.336
39    Real 2    252.628    29.231      94.525      19.584     28.671      46.492     45.964
40    Real 3    253.991    26.180      92.586      17.912     25.865      38.584     37.040
41    Real 4    253.849    29.437      93.114      19.382     29.309      45.746     46.494
42    Real 5    253.276    29.752      92.192      19.596     29.192      45.716     45.824
     Average    150.965    4.365       12.548      3.317      4.254       6.287      6.264



                           Average Runntime in ms
     160.000   150.965

     140.000

     120.000

     100.000

      80.000

      60.000

      40.000              4.365
                                    12.548
      20.000                                            4.254     6.287      6.264
                                                3.317
       0.000
                VAM       JHM     TOCM-MT       BCE     SSM       CSM        RBSM
