11 12

1 52 53 54 55 56 57 58 59 60 61 12
63 14 65 66 67 68 69 70 71 72 73 74
75 76 27 78 79 80 81 82 83 84 85 86
87 88 89 40 91 92 93 94 95 96 97 98
99 100 101 102 53 104 105 106 107 108 109 110
111 112 113 114 115 66 117 118 119 120 121 122
123 124 125 126 127 128 79 130 131 132 133 134
135 136 137 138 139 140 141 92 143 144 145 146
147 148 149 150 151 152 153 154 105 156 157 158
159 160 161 162 163 164 165 166 167 118 169 170
171 172 173 174 175 176 177 178 179 180 131 182

50 60 70 80 90 100 110 120 130 140 310

50 60 70 80 90 100 110 120 130 140 150 160

