11 12

3 156 159 162 165 168 171 174 177 180 183 36
189 42 195 198 201 204 207 210 213 216 219 222
225 228 81  234 237 240 243 246 249 252 255 258
261 264 267 120 273 276 279 282 285 288 291 294
297 300 303 306 159 312 315 318 321 324 327 330
333 336 339 342 345 198 351 354 357 360 363 366
369 372 375 378 381 384 237 390 393 396 399 402
405 408 411 414 417 420 423 276 429 432 435 438
441 444 447 450 453 456 459 462 315 468 471 474
477 480 483 486 489 492 495 498 501 354 507 510
513 516 519 522 525 528 531 534 537 540 393 546

150 180 210 240 270 300 330 360 390 420 930

150 180 210 240 270 300 330 360 390 420 450 480



